/home/ty/Repositories/ai_workspace/HiPAI-Montague-Semantic-Cognition/.venv/lib/python3.13/site-packages/torch/cuda/__init__.py:1007: UserWarning: Can't initialize NVML
  raw_cnt = _raw_device_count_nvml()
/home/ty/Repositories/ai_workspace/HiPAI-Montague-Semantic-Cognition/.venv/lib/python3.13/site-packages/torch/cuda/__init__.py:1059: UserWarning: CUDA initialization: CUDA unknown error - this may be due to an incorrectly set up environment, e.g. changing env variable CUDA_VISIBLE_DEVICES after program start. Setting the available devices to be zero. (Triggered internally at /pytorch/c10/cuda/CUDAFunctions.cpp:119.)
  r = torch._C._cuda_getDeviceCount() if nvml_count < 0 else nvml_count
Loading weights:   0%|          | 0/103 [00:00<?, ?it/s]Loading weights: 100%|██████████| 103/103 [00:00<00:00, 11874.37it/s]
[1mBertModel LOAD REPORT[0m from: sentence-transformers/all-MiniLM-L6-v2
Key                     | Status     |  | 
------------------------+------------+--+-
embeddings.position_ids | UNEXPECTED |  | 

[3mNotes:
- UNEXPECTED[3m	:can be ignored when loading from different task/architecture; not ok if you expect identical arch.[0m
Adding Socrates is a man...
DEBUG: _detect_tense root: text='is', tag='VBZ', lemma='be'
Result: success
Nodes: [{'label': 'StructureNote', 'properties': {'name': 'Concept_Man'}}, {'label': 'ContentNode', 'properties': {'id': 'man', 'name': 'man', 'content': 'man', 'embedding': [-0.10967560857534409, 0.043741971254348755, -0.02631913311779499, -0.0293264202773571, 0.021554868668317795, -0.08548568934202194, 0.11372813582420349, -0.0682469978928566, -0.011019743047654629, -0.04662973806262016, -0.05390407517552376, 0.013899662531912327, -0.00418187165632844, -0.012626162730157375, 0.02456796169281006, -0.04997561499476433, -0.04897214099764824, -0.029357019811868668, 0.03864540904760361, 0.05023973435163498, -0.04853087663650513, 0.10262685269117355, 0.009514223784208298, -0.048514269292354584, 0.04717650264501572, -0.04498416185379028, 0.07506141066551208, 0.05247451737523079, -0.015881145372986794, -0.05987444892525673, -0.05034513399004936, 0.023538829758763313, 0.07830118387937546, 0.008737430907785892, -0.013203779235482216, -0.06508367508649826, -0.04476912319660187, -0.034028131514787674, 0.007566050626337528, 0.0537336990237236, 0.011235247366130352, -0.07319677621126175, -0.008684206753969193, 0.06013423576951027, 0.07875801622867584, 0.025941982865333557, 0.045412659645080566, -0.04289241507649422, 0.07241684198379517, -0.07666114717721939, -0.006158691365271807, -0.004192496184259653, -0.04423141106963158, -0.03756149485707283, 0.0480002798140049, 0.03579163923859596, -0.044107094407081604, -0.026390204206109047, -0.026186503469944, -0.03803509473800659, 0.05565468221902847, 0.010378130711615086, -0.12892785668373108, 0.03214757516980171, 0.06321007758378983, 0.07036188989877701, 0.03461376205086708, -0.00032365022343583405, -0.018867265433073044, 0.08686306327581406, -0.004104048479348421, 0.03567105531692505, -0.004610987845808268, -0.10232463479042053, 0.04426593706011772, 0.010679781436920166, 0.04203001409769058, -0.06273236870765686, -0.012916216626763344, 0.017536669969558716, 0.0004332750686444342, 0.03641205281019211, -0.06998404860496521, 0.04798538237810135, -0.003486975096166134, -0.01446029357612133, 0.04156868904829025, -0.008609825745224953, -0.021735338494181633, 0.014531763270497322, -0.04545256868004799, -0.04277881234884262, 0.06564037501811981, -0.01660424843430519, -0.057441748678684235, -0.034793317317962646, -0.048679716885089874, 0.039463840425014496, -0.15039268136024475, 0.21404221653938293, -0.04122867435216904, 0.05677453428506851, 0.040971215814352036, -0.09785448014736176, 0.07999696582555771, -0.0010100922081619501, -0.030302228406071663, 0.10168883949518204, 0.0337844118475914, 0.018127696588635445, -0.06687112152576447, 0.00872073695063591, -0.045935697853565216, 0.026843030005693436, 0.02366487868130207, 0.021080542355775833, 0.0405527725815773, 0.014830759726464748, 0.1032586321234703, -0.0338825061917305, 0.021600760519504547, 0.0308866947889328, 0.01526312530040741, 0.030584709718823433, 0.02056361734867096, -0.09314445406198502, 0.09981556981801987, -4.4651020672870123e-33, -0.002909695263952017, -0.03518516942858696, -0.03194883093237877, 0.05323011055588722, -0.0070701707154512405, -0.006494501605629921, 0.037749290466308594, -0.01938474178314209, 0.03137859329581261, 0.018309999257326126, 0.08134138584136963, -0.006702271290123463, -0.02044174075126648, -0.05581599473953247, 0.018230346962809563, 0.002927016466856003, 0.01981363818049431, 0.0008628721116110682, -0.053831011056900024, 0.03528889641165733, -0.01871389150619507, 0.03317384421825409, -0.014482102356851101, -0.02664143033325672, -0.03225447237491608, 0.036289032548666, -0.028279749676585197, -0.04573378339409828, 0.013549214228987694, 0.010422704741358757, -0.009176221676170826, 0.06139058992266655, 0.044029269367456436, -0.020626801997423172, -0.03443466126918793, 0.023373862728476524, 0.022429145872592926, -0.04947187379002571, 0.008953943848609924, 0.03981246054172516, 0.000745953235309571, 0.00940439198166132, -0.002793738152831793, 0.02983533777296543, -0.019965386018157005, 0.03297463804483414, 0.012665030546486378, 0.04652329161763191, 0.0217598769813776, 0.005494667217135429, -0.060566119849681854, 0.04024743661284447, -0.04592841863632202, 0.016535386443138123, -4.356096178526059e-05, -0.00620429590344429, 0.048615455627441406, -0.0031526656821370125, -0.09184301644563675, 0.10253388434648514, -0.08047666400671005, 0.09799403697252274, 0.0424652174115181, -0.0351240374147892, -0.015048185363411903, -0.10830797255039215, 0.02074313536286354, -0.0909438356757164, -0.014920052140951157, -0.0055235205218195915, 0.0030647218227386475, -0.01486729271709919, 0.031156368553638458, 0.028826478868722916, 0.00698686670511961, 0.03864763677120209, -0.04488616809248924, 0.04645952209830284, -0.07938653975725174, 0.005246917251497507, 0.06974806636571884, -0.10943888872861862, 0.04189774766564369, -4.815241481992416e-05, 0.028778312727808952, 0.011161694303154945, -0.054233118891716, -0.10049206763505936, 0.02438085898756981, 0.014362979680299759, -0.06582357734441757, 0.03370898216962814, 0.02405349723994732, 0.0933101549744606, 0.011340776458382607, 1.9672825499522177e-33, -0.037769682705402374, 0.05770263075828552, 0.018263351172208786, 0.08622816950082779, 0.04302521049976349, -0.019754378125071526, 0.05353149399161339, 0.13897597789764404, 0.025354135781526566, 0.06785489618778229, -0.015348882414400578, -0.004394509829580784, 0.07830768078565598, 0.03221982717514038, -0.04273237660527229, -0.01721731573343277, 0.03880156949162483, -0.012347131967544556, 0.00352718704380095, 0.012261778116226196, -0.03871622309088707, 0.010676352307200432, 0.010989413596689701, -0.0877755656838417, -0.060765061527490616, 0.06814780831336975, -0.02435416914522648, -0.023017674684524536, 0.023589080199599266, 0.0552758052945137, 0.041756849735975266, 0.019784068688750267, -0.22825779020786285, -0.04419828951358795, 0.0009397405083291233, 0.04568447172641754, -0.020313063636422157, 0.04913255572319031, 0.019852008670568466, -0.009051461704075336, -0.03954746946692467, 0.06052330881357193, 0.004870586097240448, 0.020046601071953773, -0.00066447100834921, 0.018710482865571976, 0.02994692139327526, 0.00034645359846763313, -0.012979512102901936, 0.07914646714925766, -0.08396188914775848, -0.019437022507190704, -0.056769851595163345, -0.05443495512008667, -0.002697331365197897, 0.07021231204271317, 0.009259461425244808, 0.02213169075548649, -0.0523650087416172, -0.00012099750165361911, -0.10339540988206863, 0.010385265573859215, -0.10202603042125702, 0.042019810527563095, -0.05078967288136482, 0.08672774583101273, -0.014766995795071125, -0.056434571743011475, -0.02850806526839733, 0.014168827794492245, 0.059571657329797745, -0.03103156015276909, -0.01351255364716053, 0.08826642483472824, -0.025913570076227188, -0.07232169806957245, 0.019453199580311775, 0.08499577641487122, 0.033959511667490005, -0.1521293669939041, -0.06035909056663513, -0.03432632237672806, -0.0741284191608429, 0.017022432759404182, -0.003417391562834382, 0.07484424859285355, -0.0028761771973222494, 0.0033434105571359396, 0.031944308429956436, 0.051509980112314224, 0.038654740899801254, 0.026046810671687126, 0.05880076438188553, -0.0018209335394203663, -0.0007414749125018716, -1.4850581209202574e-08, 0.03258221223950386, 0.07058201730251312, -0.020624011754989624, -0.0492200143635273, 0.055095404386520386, 0.11018726974725723, 0.013164972886443138, -0.0033093623351305723, 0.0778774544596672, 0.0019031999399885535, 0.022979438304901123, 0.03154498338699341, 0.014462249353528023, -0.01420858595520258, 0.03628886118531227, -0.04696502164006233, -0.04553898423910141, -0.020823154598474503, -0.026211533695459366, -0.0584992878139019, -0.07194151729345322, 0.07876674085855484, -0.012530351057648659, -0.0015986202051863074, 0.009104888886213303, 0.027709312736988068, -0.05730496346950531, 0.10517984628677368, 0.01846720278263092, -0.029703054577112198, 0.02060593105852604, 0.04272480309009552, -0.06602703034877777, -0.06277604401111603, 0.042967766523361206, -0.06616952270269394, -0.0017137570539489388, 0.028925839811563492, 0.02605953998863697, -8.050498581724241e-05, -0.0540376640856266, -0.04791080579161644, -0.023661809042096138, 0.03959641605615616, -0.0482187420129776, -0.027295874431729317, 0.003562366357073188, -0.022111058235168457, -0.01078250166028738, -0.06012001261115074, 0.06686237454414368, 0.033904023468494415, 0.04554913192987442, 0.04651246964931488, 0.10378150641918182, -0.04191645607352257, -0.006276564672589302, -0.0019005821086466312, -0.015104720368981361, -0.026253068819642067, 0.12593062222003937, -0.06859681010246277, -0.012884323485195637, 0.007734047248959541]}}, {'label': 'ContentNode', 'properties': {'id': 'socrates', 'name': 'Socrates', 'content': 'Socrates', 'embedding': [-0.07702821493148804, 0.10652119666337967, -0.08102523535490036, -0.01175661850720644, -0.06082608923316002, -0.01932365819811821, 0.1610439568758011, -0.016628814861178398, 0.0043849339708685875, 0.08396222442388535, -0.013933975249528885, 0.02142491564154625, -0.027358505874872208, -0.012240521609783173, -0.04867566004395485, 0.027915308251976967, -0.01958250068128109, -0.036958832293748856, 0.006689376663416624, 0.002757876180112362, -0.12504315376281738, -0.021678376942873, 0.012307688593864441, -0.02680826373398304, 0.03970523178577423, 0.0563192181289196, 0.012853674590587616, -0.0637737587094307, 0.03412778303027153, -0.052465248852968216, 0.0005337018519639969, -0.07146251946687698, 0.07114546746015549, -0.01992242969572544, -0.017852386459708214, 0.021646248176693916, -0.009911230765283108, 0.024056734517216682, -0.014898507855832577, 0.02676861733198166, -0.002910761861130595, 0.017873449251055717, -0.09241440892219543, 0.05251390114426613, -0.06452403962612152, -0.05436882749199867, -0.020762650296092033, 0.018848467618227005, 0.011319323442876339, 0.005398470442742109, -0.13406749069690704, -0.02900603972375393, -0.12066762894392014, -0.02414405718445778, 0.013913321308791637, 0.05012870207428932, 0.02934294566512108, 0.0721772313117981, -0.03517431393265724, 0.024328622967004776, 0.022895170375704765, -0.021099941805005074, 0.00016957978368736804, 0.07001292705535889, -0.008481315337121487, 0.05171073600649834, -0.007444060407578945, -0.01997554861009121, -0.13458970189094543, 0.02525578811764717, 0.04208170995116234, -0.015627488493919373, -0.0017884618137031794, -0.04600459709763527, -0.007847263477742672, -0.09447257965803146, 0.03852864354848862, -0.058288224041461945, -0.014893577434122562, -0.015947705134749413, -0.02280362695455551, 0.032392267137765884, -0.08580019325017929, -0.022799333557486534, -0.007104302290827036, 0.007003254257142544, -0.0196209829300642, 0.008333341218531132, 0.0666893795132637, -0.04868823662400246, 0.004406426101922989, 0.010492830537259579, -0.015054678544402122, 0.046387143433094025, -0.01111343689262867, 0.10725172609090805, -0.006514316890388727, 0.004671152681112289, -0.006753797642886639, 0.217797189950943, 0.07815928012132645, 0.07944463193416595, 0.02132091484963894, 0.056612420827150345, 0.013207807205617428, 0.009248308837413788, -0.01209536287933588, -0.01876669190824032, 0.014052745886147022, 0.016868507489562035, -0.04004490748047829, -0.040115926414728165, 0.10529396682977676, 0.032700326293706894, 0.025487368926405907, 0.03987257555127144, 0.01228154357522726, 0.04501579329371452, -0.0017764696385711432, -0.024997543543577194, 0.03947506844997406, 0.02656526304781437, 0.03189917653799057, 0.05633882060647011, -0.02567877434194088, 0.05799784138798714, -0.05615117400884628, -4.9562162602208714e-33, 0.0062157344073057175, -0.018635563552379608, 0.025998715311288834, -0.06598195433616638, -0.06169315427541733, 0.07975172996520996, 0.027152564376592636, 0.027531785890460014, 0.03308641538023949, -0.00702747143805027, -0.04298321530222893, -0.1226683109998703, -0.009451182559132576, 0.02631002850830555, 0.013867811299860477, 0.058723676949739456, -0.03681118041276932, 0.03064349852502346, 0.02873462438583374, 0.008032155223190784, 0.03804785758256912, 0.002257381333038211, -0.05756263807415962, -0.03796051815152168, -0.011573800817131996, 0.029953643679618835, 0.06429355591535568, -0.0015903848689049482, 0.04992552846670151, 0.021366234868764877, 0.02073178067803383, 0.04473955184221268, 0.014318117871880531, 0.03513780236244202, 0.022513482719659805, 0.017593437805771828, -0.050570741295814514, -0.03280740603804588, 0.02104829251766205, -0.010174968279898167, 0.015350379049777985, 0.028934268280863762, 0.12557353079319, -0.003145031863823533, 0.013928648084402084, 0.021593568846583366, 0.021885979920625687, -0.0026118867099285126, -0.011433916166424751, -0.029005827382206917, -0.11811318248510361, -0.012757541611790657, 0.0865427702665329, 0.0011415649205446243, 0.003239798592403531, 0.03197888657450676, -0.01544788759201765, 0.07201407849788666, -0.05934394523501396, -0.06058352068066597, 0.01691265031695366, 0.015652909874916077, -0.033589594066143036, 0.01932394690811634, 0.007053921930491924, 0.022742824628949165, -0.07917498052120209, -0.06189475208520889, 0.056013718247413635, 0.025964707136154175, -0.028063055127859116, -0.03431711345911026, -0.010934791527688503, 0.008531068451702595, -0.05898262932896614, -0.003855088958516717, 0.00189589848741889, -0.06369645148515701, -0.16416426002979279, -0.03587397187948227, -0.08234460651874542, -0.01798269711434841, -0.030965881422162056, -0.016633763909339905, 0.07775210589170456, 0.022517861798405647, 0.04397277906537056, -0.06699238717556, 0.004104325547814369, 0.03682046756148338, -0.039873480796813965, -0.03265414759516716, -0.010474193841218948, -0.0788494199514389, -0.0988803505897522, 4.123566959101397e-33, -0.060460079461336136, 0.008856863714754581, 0.014680366031825542, 0.027505086734890938, 0.08287020027637482, -0.0564713217318058, -0.013231756165623665, 0.03449327498674393, -0.004950373433530331, 0.00833890400826931, -0.031817369163036346, -0.0486534908413887, 0.0671086311340332, -0.057960838079452515, 0.03019234910607338, 0.03663565590977669, 0.02879190258681774, -0.01563040167093277, -0.055659908801317215, 0.017790846526622772, -0.059518832713365555, -0.0008586600888520479, -0.026306254789233208, -0.022898109629750252, -0.002523215487599373, 0.02120557427406311, 0.08841496706008911, -0.03194686025381088, -0.06800473481416702, -0.0008953660726547241, -0.07646004855632782, 0.020409641787409782, -0.11153906583786011, 0.005703704431653023, 0.054846782237291336, 0.07785257697105408, -0.051809992641210556, -0.07484505325555801, 0.008424232713878155, -0.01510909479111433, 0.019681017845869064, 0.00950609426945448, 0.07065087556838989, 0.10624281316995621, 0.05278009921312332, 0.006131261587142944, -0.06717518717050552, 0.0819227546453476, -0.07158216834068298, -0.00643467390909791, -0.11528436839580536, 0.01917077600955963, 0.008442402817308903, 0.026756197214126587, 0.12134388089179993, -0.08861061930656433, 0.0036053068470209837, 0.022566666826605797, 0.022424452006816864, -0.027027999982237816, 0.07006531208753586, 0.05765749514102936, -0.025363197550177574, 0.07536343485116959, -0.0034776630345731974, 0.0011053384514525533, -0.0673837959766388, 0.1112564206123352, -0.09187813848257065, 0.048712022602558136, 0.0298368688672781, -0.03595197945833206, -0.09177198261022568, 0.013688357546925545, -0.0783519297838211, 0.04122477397322655, -0.1395391970872879, 0.05602653697133064, 0.008307689800858498, -0.07019542157649994, 0.0019064907683059573, -0.03148084878921509, 0.002339094877243042, 0.018883995711803436, -0.011923464015126228, -0.025110073387622833, -0.023861519992351532, 0.02183515578508377, 0.05178571119904518, -0.0010334940161556005, 0.012932740151882172, 0.005694313906133175, -0.01676083728671074, -0.035540152341127396, -0.007107604760676622, -1.0571112873947186e-08, 0.017812402918934822, 0.05263766646385193, 0.012812823057174683, -0.030368248000741005, 0.04045126587152481, 0.0004125935956835747, 0.0644933432340622, 0.0011902477126568556, -0.04267100244760513, 0.09370484948158264, -0.05579886958003044, -0.000731788924895227, 0.0664149671792984, 0.07642462849617004, 0.027941536158323288, -0.0008527372847311199, 0.028620244935154915, 0.03539547696709633, -0.019308412447571754, -0.031135987490415573, 0.0752037838101387, 0.04526647925376892, 0.00711733428761363, -0.019822413101792336, -0.053610969334840775, 0.01876785047352314, -0.024323804304003716, -0.04152408242225647, -0.01398050133138895, 0.04613775387406349, 0.01251764316111803, 0.027255110442638397, 0.004367594141513109, -0.08625946193933487, 0.04413864016532898, 0.0923193022608757, -0.01012897677719593, 0.025174016132950783, 0.03826790302991867, 0.017944321036338806, -0.004489503800868988, 0.005320463329553604, 0.06666892766952515, 0.0009695248445495963, 0.006031213328242302, -0.04044368863105774, 0.027684208005666733, 0.019709860906004906, 0.03515617176890373, 0.014650472439825535, -0.011320313438773155, 0.020556878298521042, 0.06707745045423508, -0.07767336070537567, 0.02670937217772007, -0.11520163714885712, -0.013100182637572289, 0.07744278013706207, -0.11370642483234406, 0.027178777381777763, 0.15192745625972748, 0.11319706588983536, 0.06804994493722916, -0.054112691432237625]}}, {'label': 'EpistemicNode', 'properties': {'event_id': '5088fadce80b46c8b2206ee89092821d', 'text_source': 'Socrates is a man', 'timestamp': '2026-05-03T16:09:59.244779', 'tense': 'present', 'modality': 'assertive', 'is_factive': True}}]
